160 e 11. 11111 1111111111 und 1111111.

1111111111 111111 1111111111 1111 einer 11111111111 1111111111 1111111111 11111, 11111 11, 11111111
ordnung, eusdem Stahihoie, wo er, die dirigere 61111111111111111111111, 111111111111111111111-
serie. 11111111111111111116411111111111111111111111111. 11111111111111111111111, 1111111111-
11111111111. 1681111111 11111111111111111111111 11111811111111111111111111. 911111111111118114.

1641. dourad (Cordi) 8111111111, 1111111111111 1111111111111111111111, 11111 1111111111

11111111 8111, 111129111111 eud dem 8111111111. Seirr Siieivater wird 11111111 1111111 11111111, 111
111111111111 1111111111 11111111 111111111111111. 1118111111111111, welche der 111 11111111
111111111 11111111111111111111111111 Erben zu limburg 11111 Marcus 111111 111111119111111 ihre
11111111111, 111111111111 111, 1647 111111111111111111111111111111111, 111111 under der 1111111-
11111111 1111111111 111 111111 1111111111 6111111111111 111 aire geringe 1111111. Er 1111 dederi
1111 darauf 1111 1111111111, 111 1111111 1111111111111,111111111111111 211111 1111111111911
ι 1111111 11118. 114111.
’ 1647,1111,.11111.11111111, 61111119111111111111111111111111,11111111619.9111·
1111111111111111111111111111111111111111111111111111111111,1111111111111,111111 grosse
11111119111111111111, 1111111, 1111111111 1111111111 811111, 111111111111111111111111111
1111111111111111111, 1111111, 11111111 dieser 6111111 111 11111191111111111 111 “Tripe’s Υ111”
11111111 111 -· 81111 11111111 und Niqddirrqale 1. 1. 0. Τ. 111. S. 152. - Er wer 111111 11111111
dem srahrdore gewesen, 1111111111 11111111. 81111111111111111 waren 11111111 demendam, 111
8111111111 1111111111, 11111111 1111111,1“111111 1111111111, 11111111 11111111 11111111111111111111
11111111111111 werden durde3 und 1111111 1111111111, 111111111811111111, 111 111111 6111111111
111111 11111 gedient 111 1111 111 11 111111111116111111111 11111181111111 11111111, 11 wie 111
111. 11111 1111111111. 11111111 1889, November 13. 9111111111 1111 S. 116, 111111 114111.
· 1670-1796,111117. 111111111111111, des 111111111111111111111111111, 11 1111111111
81111111. Er 11111, 11111111111111111111111111, 1111111111. 11111111111111111111111111116111 1
· 11 111111119111111111111111 wdrde 111111, dass 11111 1111111111 11111111, 11111111 11111111111111
1111111111 11111111 11111 mag. Er 1111 1111111111111111 11 11111111 111 6111111111 1111111111 heber·
01111111111111111111111111111. Τ. i. 91111 111 111 111 111111111 1111111111 112.

1796111 1797. 11111111111111111 Nede, 8111111111111111, Soirrr 1111111111111111
01111111111111111, 1111111111 11111111 111 11111111111111111111 1111111111, 1111111111111111
11111. 111 111111111111111 mit 111111111111 des 6111111 1111111111111 91111 mediociter,
Esther, 11111111111111111111 waldon, 11111111.

17111. 111111111111 111 dopmni, 1111111111811111111 111 1111111111111 Premier·
1111111111, 1111111111 111 111111111, sedern 11111111111111111111111111 111 11111111 111111111111111.
1111111111111111111, werd 1717 111111 wieder 1111111111.

1117-1741.Η1111111111111,11111,111111811111·11111111-61111111111111111111. Ei
. 1111111111111111 1111111111111111 dem 8111111111111111111111 Vermdgensverirditnisse..

1711-1779.1111111Εεί119,11191111118111,11111181111111111181111111111111-6111111111
1111111 1119111111. 1741 1111111111911111111111111111111111111111111111111111. Er

 

