Ι0. 01101110101011111011111. 60

(1111111 11111. 011 1111111 71111111)οή11 111111 11111 1111 11111113 des 1111111 1300 1111111111 mit
Anna 111111111113, 111 10111111, 111111011111111111011111111111 11111111 Car! W. 111 111111
1111111011 1111 1111111111, 111 11111111 111 1111111111111 11. 111 01111111, 111 11111111111111111
8111111111 111 1111111111 111111118111111111 11101111111111111 111 1111111111 11111101111111111
eine 111 111111 111111 1111 11111111 01111111 (1001), welche 1111 lange 111 11111111111111 11111111
xunigin 1111 1111111 111 11 11111013111113 1111111 sich 1110101111111, 11111111 sich 111111 durch
1111111111 011111, 1111 durch 0111111111 1111111111 111 01111111 111 1111111111. ¹) 001 dieses
0111111111111, 111 1101111 11111 1111111111, 11111111 0111011111 heim 011111 01111 Vl. 1111101111
111111 1111111111111111 1111111111 111 11111111111111111111 01111111 11111111 1087. 111111 111111
0111111111 111111 111111111ςί1 111 11111111 1111111111 1111111111 11111111101111111111111 011111
11111111111111 100111111111061 111111. 1111101310) 11111111 1101 01111 11111101111111
1111111110 11 118110101111111111111 111 11111111 11111111, 111 11111111 01111111 111 11111311
111111 lv. 3) 01 wir 11111111 011111 11101111111 des 011111 111 011111 zum Herzoge von 1111111
1111111, 111111111111111111, mit 11111111 1111111111 1111111111 (1111111111 1111111111 111 11111 ge-
10111, 111111 1111111181 1111111111. 011108001111110, 3111111111, 11111111111111111101111111111
11 1111111111111 0111111111 01111111 1111111111ὼο111111111111111111 11111 1111 jedeon 11111111
111 111 1111111 011111111111111111, 1111111 den 111111011001 011111.

1111, November 01, 1111111111 11. 01111 11111111 beiden 01111111 111 011111110111111111
11 111 0111011111 11111 7111111111, 11111111 111111011111111111111111111 1111111111 1111111)
111 111 1111111, 1111111111 001101111111110111111, 11111 1711111111. ⁵) 1111111111 111111
1110111131131-111111111 auch hier, 111111101111011111, 111 1711111111 1111111111 Perseum,
1111111111111110111111111111 0111011011 1111111111 1111111. 1111111111 Η. 1111111111 111 11111
1111111111 1111111 111 10. November 1113 11011111 11111111111111 1111111111 11111, 1111 11111111
0111111111 111 00. November ,1111111111 1111111 11111111 11111111, 1111111 11 11 11111111111111
J. 01111111111111 11111 111 hy 11111111, 1111111 11111, 01111111 111 00. November 1. 1111111111
durch 11111101111111111011111110111111110 (01111111 dem 1111111110 0111111111, 1111111111 111 1111111111, ⁶)

Ι) 11101110111111111. 11111. (1188 11. 1111111. Τ. xl. p. 5. 1101111111 (11111. 0111111111. 11 1. 1087

apud 0111111 Angues, 111111111111. p. 000 11111111 11111 111 tumerem: quidun 1111111111 (11011111111111111

1111111111. 1111. 15111 11011111) gemunt. 11111111111111111 11111101111111111 111111111111111 11111111. 11111

’ 1111111111 111 cancellarius 1111111, und 1111111111 finden 1111 11 0111111111, 1111111 111 1111111111 1111110011111111

11111111 1111 111111, 1007 01111111111111111 1110111111111011111101111111. 110111 111 01111. 1111 (111111
1111111111011111 01111 lv. 11111111 111 0111111101 11111 11111101111111111111 11 111111 1111 1111111 11111.

1) 0111111111 and 011111111111111 Prin 0111111. Τ. 1. 1. 101 111811.
³) 1111111111111 p. 100 und 100.

⁴) er 01111 111 111 11111111111111 1111101111 0111111111 111111111111111111, 1111 11 11 1111111011
11111 11111 11111111 1111111111. 011111. 11111 111111. p. 011, 0101. -

⁵) Er 1111 im 111111 1111-1110 0111111011111 0111111 11111 0111111111) 7. 011111. 11111. 111111.
11. 005 1110051.

⁸) 01 1111111111 111111101111111111111107.01111111111 1110 111 1111111111 111 1101111111111 1111
11ῐοὶ1111 1111.

 

