1110, usn 01. 140

101100001 0000011101 001 11 11000101110011100000, 1101 110 0011 0010100οῑ00 01 1100100, 10101
10110 001 01 110 0001010100100, 11010001 00010100 01110 0011 110010 nanze, otherwise 001101
0010100οι00 0111100100, 100101 00 1000 10 110 0110 01100100, 00000011 001101 11111010
inimieorum, 1101001101001101001101 0101 10, 01011 1000, 1011, 001010 001 100001010 11010
001 11011 successuum ior 0001 0010 110 0011 11000 001101 110 80101010, 0110110100 001Ιο1 110 8111010101,
11111 1101101100000001 001 0100 01011 haue, 1011, 001010 00110000101011011000110 11011000-
00000010101101 110 0011 10100 01 xxxii 10100 011 110 same 0100000, 100100 001 1000000100 with
11011 0110110000000.

101 0100 11 is urdeigued 11 110 0011 auctorite, 1101 110 0000 00101000100011011100010111010
001 101101100000000010011 110 0000 messes, 100100 001 1000000100 1000110011 auur 110 said 10100
0111111111 10100 1010101001, 10111010011011010010 0101 110 0011 11000, messes, 100100 001 1000-
000100, which 110001100101001100 01011 haue 11 101100 0111100010, 10 110 0011 00110 001 0010-
00010110 001 10 1101100000000010 0100010010101011 00 0000011 0010000110 1001 011110 10010 001 100
10001 1110 01011οςεο 001 10010 10010 01 10010 10010001 110 1010, 1101 10 10 00101 11010010 01 110
00110110 01 1101011010 11011101, 00101 11101011 110 1100011011, 110 00110110 010010 1011 0011010111
0010 10101000 ; 101 0100 1011101 001 101101 10 110 0011 maire 001 00000010110001 10 11011 suus
eessuurs 001 01011 110 0000 11000, meses, 1001000011000000100 101011 during 1100011ίο10οο1
1111110100 11011000100100, 0011000 01010100 001 eight 10010 01 110 001110010 festus 11 00110 101-
10001 1011101 001 101101 0100 101011 101100οἰ1 1100101 001 10 110 successuum 0010 01 110 sume
11000, meses, 100100 001 100000010010010 0101111100 001 sex 10010 01110 0011 10010 {iestis 11 0010
10101000; 101110101οο 001 101101 101011 10110 0011 priores 001 00000101110 00001000 001 11011
00000000010 oute 01110 000011οο0, meses, 100100 001 1000000100 1111111001 1110 01011010 01 110
100100 010100011 110010 101010οε1 1101101101 0101 1100 0011101000100 10 10110 011101001 01110
00110110 01001011010 1011101 110 0011 1010 010010 Lurd.

101 1111 10100 110 00110 1001 01 Lxx 100100 111 0101101100 1111 10010 10101011011010101,
10 1011 01 10 011, 01 001 01110100100 010100011, 1101 110000 11 0101 10 10101 11 1100101110 01000 seiri
10110 001100110 001 0000001010 001 10 11011 successuum, 11 11010, 11011011010010, ministres 001
0010000100 10100010010 1010 011 110 0010011000, messes, 100100 001 1000000100 uiuis 110110110110-
00000001000110001110110100001111100000 11 thrym su 10100 101011100110 001 1101001101 001
10001100 11010 1010100 1010 11011100, 1101 110101110 sume 1001001 110 01101ος00 110101 with 11011

000100001101001001101100011110101010010001010011000110101100100010010. 1011111101υο ·

110001110010111111 1001001111 sheiyuges 11111 100101010-101101 1010101 10 10110 01 iu 011 01
001 011110 fusius 010100011, 1110000 11 augur 10 1010101 101101 110 0011 terme 01 110 0011 11111111
10100, 1101 1100001101010 1010110 10 110 0011 00110 011 00000010110 001 11011 0100000000 11
11010, 11011 0110111010, ministres 01 0010000100 1010 011 110 seme 11000, meuses, 1011000011010000100 “
11011 0110110000οω0 10 00110 001110110100 001 110 1101100000 su 11 11010 1010000 1010111 00110 001
10100001 001 1001011εο 111010 1010100 11010 11010111000100 10010111111001001111010111100
viu 10010101 110 0110101100 110101 wiri 11011 uestes 001 demeres 1101111 ’11 110101 101 001 000-

 

