62 utto, 11111 6.

6111 Thomas terrers 1166 1616, 111161 1116 616116 6161611116, 116 1111.ΙΙ 166161 116 rogue 611111

fleury the 61161) 16161 16 611 6616161116 1611, 1111 1611 16, when 16111 brought Quoue 1111111116 ,
111611161611 1616 6616161, ⁹) 1116111616 1111116116 611 1116116 11 6616166 with 1111166, 1116 the 111 ³

61 116 66111161661611616, 61 116 11616 61 1616 1111111616 611 616 when she was 11611161 toSir 16116
1166611 61 1611111616, 11111111, 1616 11616116 1161 161116, 111 eomwhet 61161. 111 1161 6611 1111
16616161 16 their 6111 61166, hough thot sone aher 1111116666 1161111661 61 116 regne 6111111
116111 11161161) thei, being irr 6611166 6111166611 1111166 61 116 1616161066166616, 11616 6611
1616 611 6611616161 bi here 16 66116 11161 16161161 to thuooouoiyng 661 mariage 16111616 1616
611 116 6611 16116 1116611 1161 1161111611 11616166 61111611 oomeuudemeut 1116 66161161161161616

thassumptioo 61 611 1611 ⁴) 1166 1611 16166661 1161 6111 16 161161 1616 1616 16161 1161 11 11 ⁴

161166 1116 6111161611 11 116 1611661 61 66161161166661611161611) 611 61161161 1161161611111 ¹
1166161 6611161111. 11 1111611161161, 16 116 morning, thei 11611 11111 1616 161116 161116 8116116 ⁶) ξ

iu the 6611 11116611, wher thei 1616 6 bote 661 - 1611161 11616 6616 161161 11 meremor, bothe 16 1

· 116 16116 ebbe 6611 616 16 116 111111116 6111616 611 161116-11161 16116 6 611116 611 1611161 666616 ·

66 1161 might goodti 616 1116616166 1116 61 1116 1611 Westmirrster, whose 116611 6611616116166116 ξ
161 1611611116, os thei 6611. 111116111161161611611161116111116661116161161 111116 6111 to ξ

66111 Giies hospital withoute 11611616. ⁷) 11 which 16161 11611611161 611 116116 66616, 1161661 .

Thomas Portet, 161161 61116 6611 111166, which 1116161161 16 1161661616 6 1611161 66111661 with the ¹¹
6111 1116166, 11111 11166616 with strong 16616 6611 1116111161 116 6611 1111666 116 theim, but '=
he 111 661. 111 616 6616, 661161 6611 16 116 6611 hospitti, thei met 661 1611 11611166611 Petro
Vineeut, which 161 16 61161661 oithiug 1611161661611111166166 6111611661666111661 161 so 1166611
16116 661 616 611 1116 6611 1111166666, with theim went 61 togeoer to the ohurohdoore 61 116 6611
hospitali, 611 11616 6 11661, 6 1161161611166611616166, with agroue orosso 61 116 11661, 1166
1611 661 1161161 theim togidor. 111 when the morioge 611 masse 1166 16616, 1611611661 661161
116 6611 brother 1616 theim wyue to 1111116 116 611116, whioh 11116 116 66111116161661611616 be
1166611 611, 1111 16 brought 111161 himself iu 161611. 111 61161 thet, the 6111 11111166 with the 6111
1111166666 retourned hom 11611 be water to thestio 16611111661116 6111161611. 111 1116 6111 16161
66116 thither 16 16116, where 1166611616 11661 11111161, 661 1161 116 6611 1111666666 1161611616
twey 16166 aiter. 111 1166 61161 1111166611161616611111666 with the 6611 1111666666 1616 iugiter
out 61166161 16 116 6111 1616161066116616. 161 11616 1161 111611 6611116111 togidsr 111116 6611
hyoges 116111 16166 116 Vb 6616 1116 66161611. ⁸) 1111111 the 661116161 6111111166 66116 16161161
16 1166111 1116166 6116111661 ht these thiuges 1116 6611 1111666666 swero, thot 1161 1116116 oerteiolieh 611

¹) 111 11116 itit, 16111111. ²) 161161611611111. ³) 1111616616. 1116111-1161161-
teier‚ 611 1. August 1111. ⁴) 11111111 15. ⁸) 11161111611161811616611611666116066116116111111,
6111161 161 11616116 word, ist 1611 1661 1111116 1616161161666 11611 1116161 1111661611. 16666 11616116111111116161
6616111116 116111166111161611 166 166161 1161611661. tergi. 11161 111111116 1111, 1611161116. ⁶) 116
Suro, 011 suso, 111116 611116, 6161111611611111 6116 161 111 111 weston 166 166161111116. ⁷) st iiiios
iu tho 16116, hiiher 6116116 1611161611611111 166 1611611116111111116 66611161661116666 urbanioris, 1661116161
1161111 1111. 16 6166 11111111611 1111116111. ⁸) tuto, November itt.

 

