’ 111 grum Ι’11111111 1111111111 lssffl. 111

zu 1111111 oder 111 11111111 1111111111111111111111111, 11111111111111 1111111111 1111111111
1111111111 111111111111111111111111111 ιι mem 1111 magt 11. 1111111
11111 11111 111 1111111 11111111 11 1111, 1111 11 111111 1111111111111111111111113 ,11111 11111111
1111111111 1111111111 11111111, 11111111 11111111 111111111111-1111··1111131111 111 Buten 1111111111
wurdt. 111 1111111111 1111111 ’1111111 111 ’1111111111 111111111111111111611 Stude 1111111111,
1111111 111 11111 1111 dem 1111111111111111 111111111811111111·111111111111111111111111111-
tisun 111111111111. 1111 11111111111111111 11111111111111111 1111111111111311111111, 111
111 numm, 1111111111 1111111111111111111111111 111811111111111· 111 1111111111, 111 11111111
Β1111111111111111111111, 11111111111111111,111111111 1111111111111111111111111111111111111111Ψ
1111111111111 111111111111111111311111111, 1111111111 11111. 1111111111 1111111111111111 1111111111
1111111111 111 1111111111 und 11111111 11111111111111111111 dem 1111111111 1111111 111111-
31111111 111111, 11111111 1111111111 111111 1111 111 1111111111 1111111111, 1111 1111111111111111
111 1111111111111111111 1111111111 1111111111 1111111111 1111111,·11111111.11111111111111111111
1111 1111 111. 11111 111111111111 11111111111111111111111111 1111111111 1111 1111111 111111.
11111 11111 11111 111· jeu 11 wenis 11111 111 111 1111111111ιά1 1111111111 11 1111111111.··

111 111 11111111 111 mimum wieder 1111111111 1111111, 11111111111111111111 11111111
111111110111111111111111 11111111111111111111111 111111 111111 111111111161111111111111111111111
11111 1111111111 11111111 11111, 11111111111111111 111111111111. 111 111111111111111111, 111111,
1111111111, 1111111111 11161111111111, 11111111 150& 111 1111111111111111111111111111111 1111111
1111111181111111111 1111 111111111111111111, 1111111111 11111111 gestamen, 11111111 man 1111-
1111111111 1111111111 11111111 111111 1111111111 mmm 111ζ11111111111111111 1111111111 worden.
111 11111111 1111 111111 111 11111113Ι 111111 11111111 111111 emmonim 1111111111111, 11111111
, 1111 1111111111 des 111111111111111 maniam 1111111 111111 111111ιωί1111, 11111 111 111ᾱί111111,
11111 11111111 1111 hung, 1111111111 8111111 11111 1111111111 1111111. 1111111111 stringen 1111
, 1111111111, 1111111111 11 11111111 1111111111 111, 11111111 (1111111111111111, 111111 1111111111 111
11111111111111 11111 111111111111111111111, 1111 1111 goim 1111111111 111 1111 1111111111,
1111111 111· 111 geminum 1111111111 11 gemmam 111 1111111 111111111111 11111111111111,
111 111 11111111611111111 11111111 111111 111 «111 1111111111 81111111 1111111111 kundig· 111,
1111111 1111 11111111 111111. 1111111 111111 Roman 1111111111 1111111111, 11111111 1111111· 111 11-
1111111111111111111111111111111111 11111 111111111111111111111111, 111 1111111111 1111111111. Um
Ruckgabe sla-vnn 111 1111111111 111 11111111 1111111111 8111111111111 1111111 1111111111111111111-
1111111111 111 1111111111111111111111111111111111111111111 1111111, 11 (111 01111111 11 11111
1111, in 111111111111111. 1111111111111111111111111 iu 11111111 111111 11111111, 111 1111111111
1111111111 11111111111 11111111111111111111111 11111 {magen 1111 111 1111111111 11111111. 111
1111111111, 1111111 111111111111111111111111111111111111111 1111111111 11111 111 111 1111111111
messenen, 16111 1111111111 111111111111111111, 111111 111111111111111111111111111 111
1111111111 11111111 11111111 1111. 81111 11111111 1611 11111111111111 1111111111 111 111· 111-
111111111 1111111311111113111 (11111111 111 11 11111111111118111111111 1111311111 1111113111

 

