111 1111311311 11.

,1. . 313111,113·Χ11131331.3333ι33113113 33111111 :imm 3113 1311333113 m 111 3111
os 3311311113, 3311111 111313111131 Thouwbittmmt,¹ 3113 133 8131313111, 113131 13111313 3331113 111,
were gym 13 113-1111311331113 11133 1131133 ud 113113 3333331311 by 3331311331 paim), 31111·
3313133313333311313111113131131313311313133131111133 1131113113 113 33133 31113 3311313131
111111 3113 113 1331131113 31 113 nauso 113 11111111 1313 31113 reign 111113 33133 113113 3311113
1133111111 · , ,. ., , ,

1111 11111311 3131111333 1311 1313 1131133 and 33113 by 113 right 1311313113 33111311133111113
3113131311 13131, 111113 1131111 1131111. 1131 11311313, 1131·’ 13 1ο 331 by 31311133 11311113,111313133111
331133 Jerusalem· 13 3131133331) 313. 3331133 1111313 3333113, 3111131111ν 31 3331333313 111111 oure 11131
1131111 3311131311 13133313 3113 111 3331333 3113131313 31131331. 13 .

0121: 1313311313 11113313 dor 1111113131 11113 331 Geso 11311- 111131 1113 3313311111
·. , 111111 1311111313. 1513, 3131131111)

· > 11 cades 111131 Aaou» ww 05, 311 n 111111 111113, 131 11113113 111 mma ’
musi 313 3333133 3331111313 131 311 3111133311 11311333, mmm 1111313 333113 1111133 1113 3111113 3331113
3311131131 3333133133 331 11331133 131 dem 31311333 gande, 1311111133 1113 311 131 eine 11111313111111
33331313131331, 13131133 1113 3131111311 33113 mande 3131131113,3313 1113133333 13 113311. 13311331
31111 1331111 31131313 13 33111331333331133333 111 1311113111 3311111111 3131331313 3333133131, 3113311
13 13 11111311.. ’1
(1131331113 dor 113331 1313111 3113 11331331 33313331113111 1131133111 333111 op 331 3133311311

113111 1113311313 13 3311313131 1113 13313133331111111111333, 111 11133131 1113313333.3133111111
gnte 131 33 haue 1111133113, 13 3131 11111113 331 mmm 11113 33 aba 111 33333131111333313113 31131
31131 3111333331 13131 3313313131 1113 33331111 133 13311311 31113 ιάίι 1133 33 11111333 3311, 131111
3311331· 31333 1313133313 3ο 3331133113131311113 Vl 1311131 313. ·
011 331131 gaiu 3133113 3111111 331 11131131 gaino 13111133 lude 3113313 13 33 .,33113 333 311111
13 331333 3131311311. ·· · · 1.
113111 111 1311311133 313 331 111331 1313111 ῳ3113ῃ131 13 113331331331311133131111111131113311111
1113111113 m, 3311 111 1331333133 3331111113 133 133 3311 1133131333133133131 3113· 11113111)

..κ-..ι-ἦῃω-..η--ι

· ¹) 3331133 1131111113 131 3311 1511111133 33313 311313 13303113 31. 1333111113 mansuem) 1311111 1311·
11311 1313311331113133311. Μ31313111.313311 3....11137911 1531131113111331133 313 Gens 113131 1111111 1113311111 3111131111.
3111313331331113131131131313111331333111331311131111113111311313113311 333333113133111111311133 1113 ’1311111311
133131313331111131 1. ²) 31131311333333111113313113113333111311131131333333133131331331331311111111
des 331131333113 minis 11331113 vu. 111 dem Documento 3311113 8311113 vom 13113 1513 11331 313 1311 13111111 3111·
omasum 113 mmm 11131311133113313131 m 3111111. sue 1333111111. 3131. ³) 11
31113111133113111311111113113311151111331133113131113111111. . ,π .

⁴) 3113 331 111333311111 des 11311131131333311111113111. 331. m 133. ³) 3113311133113333131333 1131111311

’ 133331133313113111113 31113111. 1131333133,113113331,33133333131111.1133133131131131311111333133111131111·

ow 1133331311 111 1131 11131311311133 133113, 3113113313 11311311, von 11331 11331113 3311333113 3133311333113311331111·
²) 1331113331. MS. 1331333311, 1311133131333331313131131313333113. 1111333311 3111 HS· · 11133333- MS·

 

