Anhang

1. 1111 1111111111 8111111111 11 8111111

11111111111111111 111111111 111 (1111111111 111 111111111111111111111111111 111 deutschen 111111
11111131 11111,1“1 11111111111111111111 111 111111111111111111111 1111111111, welche 111111 111111111
11 1111111111 hachem hcgrhnhet, sich 1111111111111111111111111111111 entzcgch 111111. 111111 ihre
111111111311111111 111111111111111111111 111 1111131111 11111 111 11111111111131111 jener 11111111
Ζ11111, 111111111 1111111 1111111111 111111111111, 111 1111111111111111111111 1111111111 3111111111113111111
11 1111 1111111. 11111111 111311 11111111111111111111111, 1118111111111111111111111111111111111,111
1111111111 1111111111, 1111111111111111111111, 111 1111111111 111111111 1111111 1111111111111 hahent
111 11111111 1111 111 1111 wohl uhtcrgegcngen durch 111 1111111111 111111111111111, 111 Leihmg 111
11111111 11111111 11111111 hauhein 111 11111111, 1113111111 1111111111 1111111111111.

Zu 111 11111111 1111111111 1111111111 11111111 11111111111111111111111, 11111111 111111 111 1
hamon 1111111 1111111. hm 11111 11111111 11111111111111111111111141111111118111111111111,1 ,
11111111, 111 11111111 1131111111, welches 111 111 1111111 111 1111187111111111111111. Es 11111 11111 ,
1111111111 1111111111 1111111111111111 1111 1111111111 vom (hasen 111111 husus 111 bretagne 111 1111111111
1111111 1. 1111 1111111111 11111, welches 1111 111131 111111 1111111 11111111111 1111311, 3111111111
111. 11111111111111111111111111 1111. 1111 11 11111111 1111 1111111111 11111111 St. 11111111 11111 111·
11111111111111111111111111111 1111111111, 11111111 1111111111 111 11111111111111111 helegenen
1111111111111111. 8111 81111, 1111111111, gehecht 11111111111111111811111111111111 111 11111111
11111111111.1) 11111 111111111111130111211111 111 81111111111111111111 11111111 1111111111111
(1111111111111111 war 1111 1111111111, 11 11111111 111 1111111111111 111111-1111111111111111
11111111, 111 111111 111111111111. ·

1111111111, 11 11111111 8111111111 11111111 hg, 111 111111 111 1111111111, 1111111 11111
1111111111 11111113 sich gegeh Whhchn 111 1111111111· 1111 11111 11111111111111 1111111111111111111111
11111111111111111811111111 11111111111111 1111111111, ’11111111 111111 11111 1111111111111 1111011111
111 1111111111, 11111111 (1111111111 111 1111111111 nhc 11111 111131 1111111111111111 (1111111111

¹) chron. saxon. 1. h. 11151 1111111111111111. Τ. Vl. ,1. 1611, Τ. 111. p. 531, 548 111 550.

 

