3 13. Von 01111000 1001110100 1011111010οο0 100 8111110100. 1115

0100 1011011000 neminen 0011101100110100 01011000100. 1101 11100 11111000 1101100 100 1101110100 111101
nunant 10011000 10101 compensative enter 6000101100υο 101 11001001 101 101 perimentes, 000010100.

Wenn 1011101011, 1100 110111000 01011 1100010100 0001101110 101001011οο 001 001 11100
1010010 01011110001 01111Ιο1101 1001011111 1100001001100011001 00 1001111010 111101101111100 001, 0101
1110101110 10111111, 00 0010101010 0001 10101101 101100100, 110010611110110 mit ihren 10111100
1111101οη0000 0010010110111001110000 01011 110001 001111, 00011 010 1001 110011001101001010010
101 1011101000 100 0000ωά11000 10110110 100ίο0100 110οΙ101 0011 100 1100000111100 01011 01111
110010. Wenn jener Zweek 101 01011 1101011111οω 1011011000 10 101010001110001011101001111010 1101110
1000001100 1010 001110, 01010101 101 10001101 1011100 001 vnn 1001 1001100000 0011110010080101001·
0101110 1011011, sn 0001110101 11010101 101 101001 101 100101011000 [1101011000. 1110001 Zweck 11011
001011011111011001011010110011100 100 11001011, 1011101101 0101 11101 110 00010111010001110011110
101 1110101 Elisabeth in 110 110011 100 8101110100, 000101001 10100 0011010100111000100 00100 0110
1111110 1101010100 100010 Die 1110111110 0011010111 1001110101υο, 000 01010101 0101 00100 00101101
11101010 Elisabeth 10 010010 111011-(100110110 000110110 1186 8011100 10100, 1101 beiden Perteien bekannt
111 0101001101 101 1001 11011110 100 8111110101 1101 11111001 101 10101101101111110010110 0011
101000 1110100101000. ’ . .

sine 00101100 00000111100010111111010000 00 010110101101110001001010111 0100101000, 1101
101 8101111111 10 11οΗ1010 101 0001100100 1100111100 0101 00011010111100110011 1110101000, 00 1010
1110001 00 110010 000 010001 111101101Ιο 10 1101101011011110010110011011010 0010, 1101 11110 11000 110
1110110100 61101011010 01010110100 0101 1101101 111101 0001110, 010 0101001110 110 101011011100 001100000
1111100,11010111101001100 110000οῑ11100 1010010010 senine 0101 1010110111001 werthe, 10 1110100
00100 1101011011 1001100000111100 111011 nen 0010110100 (1011010 0011101 00 01110000. 0100
10001101 111 110 10010000 101 11101000 110100 l. 00 0010011, 010 010100 101100101 1111101100 100 11000
001001111Μο0 81011101 1011110101110, 001 010000 Chanes 11, 01001 den wiennensi 10101 1101111110
111001, 11011010 001 irenen 11011001 010000011101010 100100 01011 11010110. 11011110 11001·οι
101000 101010 001 0000100 werden, 00010 1011111101 (1000001101 101 110010011110 10101 100 1110011
1110110 1110110101, 001 1011011011ου0 101 0001100100 Coun 01 10101110 10101 1000011100, 110
1101111000 100 1011010010010100010 0010101001 0010 101110 81111000110011 100 11Ιο10101 101

1110011111οο0 Δ10010000101100, 1011 nannetem, 11111110 1834 animem, 010 01110 00 1000011100

· 0010110100 Βο0010001100 einiger 10 11001010 0001101000 1100110101 1101 100 1101101100 100 sinete,
¹ 010111 00011110 1011101011 101 1111110100 100110010000 0111101, 0101 01001101011101011001100

1011010101. ²) 11001010101100101100101101111 11011 10100 0011010 1001010010011111001110100

¹) 100 101Ε1110101100 101 1110111011 0010 1110111 181111111010011010011011011001 ιι1110 allegatione ..
1011001000 1101000110101001101101 0010000110101 .. 1111100011, 1101 110110010111 001 110 property attached 10 11
0010001101 10 0010011110 10 111 10000000 00011100 .. 00 0111010 0000ου011100 01010 101001000 1011010100 1110
10 ennii 01110010 10 01111000 01 110 110000 10000, 10 1111 100 10111101 110110 1010000 10011111 00110010000,
01101 110010 001 0111100110 confirmed 110 001010110111100010 00 11101 11011110 01 1101100110000 10 1110 010-

00111 01100110 010 11000111 1010 00001100 01 110 000010 110 0011000 01 11001 00001111οο1·
w·

 

