58 S ὅ. 1111 1111111111 111 §tamara-Gabinae.

111111111111111111.1) Des Kayum usterlingeshnne, 111 1111 1111 111 deutschen (1111111111 1111111
1111111111111111111111111111111111111111109,11111116. Der 1111111111 derne 1111 1
1111111111, wo 1111 1111111111 1111111111 61111111 11111111, 11111111 1111111 1111111111111111111 (11111111
1111111111, 11111111111111111111111111111 111111. 1111111111 1111111111 111111 6111111111 111111
1111 1111 11 111111 11111111 11 11111111 1111 1111111111, 111 so 11111, 11111111111111 1111 11111
1177 11 1111 111 1111111 1111111111 haben. 1111 111111 111111 1111111111 1111 grosse 111111 1111111111

. 11, 1111111111·111111111111111111111111111111111111111111111111111111111111111111 111111. 11
1111111111 1111111111 111111 1111111 11111111 11 1111111 1111 1111111 11111.

1111111111 1111111 111 111 6111111111, 111 1111111111 dm 1111111111 11111111111111111111111111

111111 11111111 111111, 11111 111 111111 11111111111111 61111111 111 11111111111116111111111111111
sein, 111 11111111 111111111111[11111111111111. 11111111111111 111111 111 111 (1111111111 111
111161111111111111111111111111111111118111111111 11111111111111111. 1111111111111, 1111· ¹
111111,11111111111111111111111111111111111611111 111 11111111111111 1111 111. 17 1111111111111, 1
111111111111711111111111111111111111111111111111111111. 11111 11111111 111 sehon 111111 111111 1
11161111111111111111111(111111131111111111 11111, wie 111111111111 111 1111111111 11111111
1111111111111111111111111 11111111181111111111. [111 111111111111111111 1111111111 111-1111111111
111111 1111111111 sehr 111111, 1111 1111111 11111111111111111111111111 Angnbe 111· 1111111
11111111111111111111111111111. 11111111111111111111111111111111111111111, 11111111 11111111-
111111111111, 1111 111 61111111 111 81111111, welche 111111111111111111111 11111111111 11111111
1111 11111111 111 1111111111 111611111111 111 11111111 11111 61111111 1111111111 111111, 11111 ³
111 1111111 111111 1111111111 111111111 111111 1111111 Ζ111 1111111111111 1111 kann.

2. Das Haus des 1111111 111 8111111111.

11111 wir 111111 1111111111111111 111 1111111111 1111111111111111111111111111 grum
11111111 1111111111, 11111111111111111, 1111111111 11 vergea, 11111111, 11 11111 man 1111 111111 1
1111111111 1111111, 1111, so 1111111111 1111111111111 11111 1111111111111111 1111 1111111111 ww,
sie 11 111111 111111111111111 1111111111, 11111 ihrer Waam 111111 1111 1111 11111111 1111111111
111111 111 11111111 1111111 11111111. 811111, 1111111 mit culn, 1111111111 1318111 111 andem
111111 1111 1111111111 11 1111111 111111, 11111111 1111111111 111111,1 mugen 11111111 111 anm ’
1111, 1111111 und 1111111111 gosnam 111. nie 1111111111111111 11111111 Γ
11111111 1111111111111111111111111111 111111 geben 1111111, 11111111 111 1111111111111 1111, 1111 ¹
111 es 11111 zelang 1111111111 11111111 11 111111, 1111111 111 111111 gut gelegene 1111111111 111·
1111111111. 8111 1111111111 111111 111, 1111 11111111111111111111111111311111111111 111 1111111111
1111111 1111111111 111111, 111111111111Η1111 111111111111111111111111111 111 11111111 Hans 1111, 1131111

. 111111111111111111-1111111, 111111111111 11111111111111111,111111111111111111,1111111111

¹) 11111111 1111111 11111111. 1471, 11111 181 11111 1111111 domum (11111111111111111111) 111111·

1111 11111111 111111 111111 11111111. 1

 

