444 descenderere 1411140443. . llll

selerne ele 114 hermen, 14 1414140414, 11114414 lenden. 01411 14434 141 reicere 1014144 10411143
41 elle 14144 441 lenem 114441-0441144141441 01411 1074 14114141144444 044114 44141 4144 44141 4441
01. December 1704 4413444104 dele 44 11141 84014 141441 1410104444 11144411, dee weileed hem·
04131141440041404411111114114441144, 4114111411 14441 444 11144441, 444 10434144, 0114414144-
444 1404444114404414. 01414 41014044144410141114344344141 44114140401443, 441 444104·
0114044 leder 04111144 1111041 zu 140144 echi 44 441 104144 ‘lhecdor Schwesler 4444, 444 141441
1501844 descen 011114 Edel 114341, 441 00414044 0141141 11440144 1441141, 444 4411411444
Η141141 Vmorem, 0411444441 14144444, 0141144, 4441 44144 1114441 111 144401441414441
contrectes, 4114 his 1441 14114 17415 141441 14414141 1413 14 1114441 haederae 4444444
Eteonon, 1114441441 11141141 4441141141 441 00414104 1041141 1444011141 11444141 decu 4114 414
14110114 1401143 144 0001 441 444 80111411-1114104044 1041444444 wer. 01414 lescen 4114 44111
1414414143 der zu 14104444 0144404441 144 110 ἰ, 4411144144 44 414 1411111141 c. 4., 14 wie
der 14441414, der 41443444401441144144 441 11104144 0441144144 4111 8οί 11 eh. 44, 444 441Ι
010434411611144414111434411444, 4144 11444044 1444114044 144 41411411 80013, 441141
441 101 0414141144 4410411444444 444414 1141144 4114144410440441443. 441 444 44414111141041·
11040414 41341 1141 14341, 4144 441 neue 4414140414014041441 0041444314 0114344, 414 1111104141
1111143 144 1000 011100οἰ 101414 1441114414, welche 4411411 144 14444441 1144141144, 0414444111
4041144 4414104404144 0411443414 411113 3414411 werden, 4411404441 414 41411114101114014
Rhelnwein-Schenke 14141404 141341140411141. 1414411041 werec 41414 414 441410344314441
recederes-lete 0131411444ηο41111444, welche 414 44144111441411 441 8444141 14 0141444 441 ,
414 zu 114413 1444114144 1411104414 441 8141104144 wieder 1440144. 441 3414141444 4411434

144414 1144441 14440144 1700, 1441 8, eine 4114111014441 144 1114 4111 414 11011344 814011411-

14140414 1074, 14110, 41341410114444 1411111341 414, 444 cellere sich 44041 1041414 144 ihm

4411401 3411404444 014411414111314344, sc wie 4144 14441443 144 1740 ἰ, welche 1414 141·

1141141141 014441 4440 en 414 811414 gemacht hehe, 444141441443, welche 411 4441110144 144 414144

414 1144114441 1141. . · ι
0441 4441 im Semmer 17011 4114131114 1444 441 114444114440144 0411411 1141 selu Nede,

Slr 14441 14440444, 441414 demulceret-stelle, eu 44144011141443414 8111414 1141144441 41411 he- ·

114344 144444, 44 414 0414444141104141111141 hei 444 1411 4441 114444 0401144444 1411041444 41411

41141441040 141144. 81114440 1414141 4441 1414 14014114 34144444 11 14144, 414 4034444044 For·

44144344 14 0411410411 444 44141 144414100141114 - 411141 41441441 0114414144 441 1411410304

8004044443414.-4444111411131444111441 3444144144 141414, 0411401414 144441 4441 41441 luccen

Coweepdndenz 1414 lehre 1707 14411411 14114 11441141 hidre en 4148111414, 011 41 444141144 14 14014

1114 441. 4014044 441 10141314 4441 44141314. 00314141 41114 1444011443 0444111 114144,

441 114 414-0144443441811111411-141011141114 11 41144414,·14 4414111140 41414 4441 14111, 0441140

411 04401441 1441414404οο1 4144141141 die Ι144 [444413434434444 444441411144414144 nicht

114413 3401111441 werde, 04444 1111 414 811414 411411 0444111, 414114 8411014 34344 414 041444 Reddet,

welche 4448110141044141144, 14 4441441444. theclr 14041710 1414 041404144103144 441

4011411443 l. Ι 18

 

