und 60000010ιο000 1001111003. . 135

16013110106000100111100, 1101010 einen 1000110 1000000 11000100 1001 11010030 600 Bana 001110. 1110
1100001030006000300011010100, 1001131101 001 61001030103101011 10 10001100, 0100 0001000130 6111610
0000110000, 610 1000010100 000011000111610 6610 006 610113 110000 000301110100. 610010006 ’006 11100100
00101 600 11000 00110300600 0001000001εο 006 0011001013100100 6166100 1001003100 1011600 600110,
0010001Ιὶ01 101101100 1101110300 10 600 00101613001100100 1000010οι 10 1101100, 01310101 6106111610 100
1611001 1668, 6011100110οΙ6, 001301016001110000, 60 610 601001000003 600 1061300 11101100 00 60311060·
00100 606103003εο 01011 0001610100 0010100, 0101 10 00110000, 01 010 600 Plan 00130100, 0600 eine
30111000 Summe, 006 1101010, 10030100 1101110οΡ 6000000111013 1106 111160010101 100000 0011000011030
0000110000, 0100 000 nm 0101101610010110110100. 161001000001 0101 1110 600 1100100 0013001011-
00101111010 1100100 000, 110101 6101110110 0101 101111101εο 600 6100016000 100110111 werden 00111ος 00
1001011310 106001 00100 1000100100 1101-0016000 000 dem 61011101010 600100. 600101110111000103, 101
10100 1669 30101100, 1100 0100 sn 110013 1006001101, 001 103006 0100 6001010001οῆ 00100 600 0100011301
60060030000000 006 01000 6000110οε 6100600 6101110110 00110100. 110101003 00110010 0101 100301οη
100011, 01000 71011 600 6101110100 001013000 1100100 10 0010000, 10110 610 6101300 611610 600 0061000
710113000100011111101 1000101100 1101110οζ

6010 111000010100100010011 0110 00 0116100110110 30100300, 600 ’1001010 1110 600 603100 600
60000 1010601101 10 1011103010, 11110006 00 610001000010100 000110. 600101100100010, 110013010οε 610
100060 00 600 6100000 1003110313 111 1010000, 001 610 10311060010100011300,0060101110167001000110100-
001000 10 600 Person des 110101000οη00 1010 6111. 60101 01000 (10010001 1010 14. October 1676
61000110 60000110 01000 61011 001600 610110600 01100 6116110110 600 600100100, 0111 01000 Fronte 00
600 7100100-6100000 100 181000 10011, 6111000 1101, 10166600 46 11000 10011, 1011 0001011110οειο 10
1010000, 0001 101 6001 000100000600 6000130030 (6110630000 1000) 010 60116110 1106 610010 10 000101100
00100100 1100100, 006 61111100 10 10001100, 30300 0100101100-110010100 110. 11101 006000 600-
1000100111 6010001100 1010300 0101 001 610 003010100600611110100 661000 006 461000 1000101011
600110306001100 60010ος 00 6000 zusammen 100 11911000 10 901. 10101101160600 11000 610 6010100
100 16 71. 11 01. 00 61061000011610 10 10101100 waren, 11030300 600 6101100 01101130100610000110.
111011101οε00 111110 1100600 00 11101116 61001006 0016110100111061611101101 006 00 6010 nnn
0016110100 160 6611111101 100 6000100116100100000. 110 1100 600011 61000 600100, 1101010 600-1001-
100310010 60000610, 6000101 non Kampe, 60Ιο3001011 1006, 10 603000010ἰο 10 0010100, 600 110101600003
600 0031100100 60160600 300631, 6001 103 600 3060010 nnn 600611111010111100100600001100 006 ,
601 7101100 001000111 006 001003100, 11100060011101 30600100110110 01300111016101100100 00 610 61061
0. 0. 001100. 10310101 10101016001100001010100001 so 010110 610 1001610003 01000 ’Νο010000, 600010
600600 11100600, 11010100 116100 10 6001 3100000 110000 6001 30110101 10110, 00001010 011113 600 300100
600 30300 6061030030001 6100001000 10301010, 1101010 0100 6006166100 10100110111011 160 600001100
00110001. 1101 6000010101οτ 1001103ιο 600001 00100 1000011000 100601, 00 1000110010 0101 11100 610 1101
110300 600 16010606130061161000100 3010310 1110001100, 01 0101110 000, wie 0010 0011100010,.600
6166100 610 1111110310οι 600 601011-100100100 600 1110101101οο 10 00101100, 00 600110 00611011, 100 6001
611111010 0101 3001 10010110110100. 6010 6010110οι 61. 111601 1671 001110001 0111600 61001001 “vain

 

