111. 111 genesen 111161 111 111611 1666. 116

11111111111811111 31311 611 1111111311 11111116118111111111 116 1111111111111111111113111
11311111 nn 1111, wedene 611811111111-111111111 116 seine Geneseen 1111111111, sith 1111111
611611111111111311313 111111 1111611111 116 Wnden eusdem hensesttdtisehen 1113111111 11
11111111. 1111111 61111 111 111 31111111111111131111 1111111111 werden, dass 611111111311111
111111-8111111111111111161111111, 16111111161111111111111 1116111111ιείπώ nnch dem 11113
3111611111, 611111111111113111111 1131131111111 1111111611 111 116 11311111 jener 81111
1111111111 111111. 1111113111111111 1116, dese 61111113111111 61111111 111111 61111 111111-
16113 111113 unbekannt wer. 1111116111 6118111111111111 1116 Weston und 611 11111 811111·
8111111 811 1111 61111 1111111111 1111 111111 1111116111 1111611111311111111. 811 11111111 sith 11111
11 1111111, dees 61111111311611 1111111 11 einer 1111111 [111111111131111111111111 sei je etwas
6111111311111111, 11 11111 dieses 1111111111 611 1111111 111113111118311111, wo einige Ven-
1111113 31311611111111116111111131111611, 3111111111 1111; 11111111 11111 11111 etwas 11111131
werden, 1111 611 stede 11111131111111 11111. 81 11111111 611111 61111111 111111111113111111111
11111111111111, 1111 611 8111111111 1611, wie 111 dns 111611111111111 1111 611 111 1111111-
1111111111111111111 111111 1111111111 3111311, des 1111111111 1111111111 11 1111111311, 11
161111 nin 1111 1111 111611 11111 3111111111 1111111111 11111111 konnen, wetenee 111611
11611 111111 111 111 1111131 111113 1111311111 1111113111111 3111111611 1111161113 111
1111116611, 1611 nt, 31111111 111161, 611116161111131 (1111111111 11111111 oden wegen 11111
11111 111111 116 631111111111111111111111111 11111111111111111161 111111611111111111111 116 111
611116631131111 entepteehende 8111166611 1111311 11111111.
doeh 11111 1111 11111311 111111, 11 Mei 1661, 1111111 111, dass neue Bewentnngen 11
1111 sentent bei 611 1111131 1113111111 seien 116 dass es 611811111-811111111 SirFrnnet't 116161-
tante, 11111 1111311161 611 1111111111 Ρ11111 611 1111111111116, 31111311 111, jenetn ein Venspneehen
111111 611111 privat-siege 1111111111, 11111111 6111, 11 diesen 11 611 1111111 11 senen, die
1111111113 nter den 11111111111113111111111111 11161111131111111 werden 11111. 1116111111
111111311116111, 111 11111111 (111111161116111111111, 6116111111111, 116 1161111111 31-
1111116118116111111, einen 113111611111 11 6111111311 111611, 11 611 Person 11111 1116611111
nn 11113, 611 111 111111 Zeitgenossen 111 3111116111 116 1111111113118111111 111131111111111,
116111111111111111111 1111 11111 1131111111 Licetne 111 61111111. ¹) Dieset 1116 eine 1111111116-
111111111111 11 11111 11 westminster 116 es 311113 111 1116, tumel 61 6118116111111111111111,
6111 11 11113111 611111111611361161111111 11 11111111 111111, eie 6111 1111111111 6111111311
61111131111116116111161111131113111111, 11 wie in 6111111311 111311 der tetthen 1111111111
1116113111 11131311 11111, die 1111111 11 1111111111 Weiee 11 11111111, 11111116 1111111111111116-

¹) 111111611111111161111Μί11111 1111116111 3111111611111 111111 3111111 611111111111111 81111

¹ 11181111 en 0111131. 1111111 11111111311111131. 11111111116111111111111113,1161111111-

111111111 metten, 6111 11111111 111111111161111611111111-111111 111111 6111111111-111111111 11113 1111611,
11111111 111 6111116111113 111111 3111111111 11111111 116 111111 1111311111 811111111111 11111111111111

1111111113 111111 1111111111 611111.

11111131. 15

 

