128 8 11. Die 111111111111111111111 ’111 1111111111 111 1111111

ὰ61111111111111111111111111111101ἂ1111161ι1μ111111111111, mla 11111
1111111 11111111, 1111 1111111111 1771 saarim 111 11111111111111).1111111 ιι 11111
111111111113111.

11111111 111111111111111111111 6111111111 sing 111 61111111111111 1111111111 so 11111, 111
11 1111 11111111 111 11111 11111111 1111111, 111. Samon Prae, 111111 111 mai 1111 inicii 1111 Pae
111111 1111111111 1111111111 1111111111, 1111111111, 111 111 11111 111· 11111111 aa 1111111. 111111 11
1111111111 111 811111 1613, 1111 111111 1111111111 11111111 11111, 111111 111 numian- gagen 11111
· 1111111111 111111111111111111161111 111111111 gaiani 11111111 111111, 1111 dim numia 11
111111 11111111111111111111111111111 11111 111 dna 111 111 1111111111, walaia 111111 aa 11111111 ¹
11111, 11111111111111111, 111111111111111111111 111 saniora ihaiiaehnen 1111111. 1111111111
611111111111111 1111111111 galiani 11111111, 1111111 :aare 111111 aaran iiam, ammian 11
1111111111 6111111111, mii Weib 111 11111111 seiae iiaaideaa 111 6111111111, 11 11 1111111 kain 111·
1111111 611111 111 1111111111 war, aui 1111 111111111111111111 iana

1111 11111111 14811111111111 111111 111 113. 611. 6111. 111111 111 Geminam 1111
vorticum 1111111 aeia, 1111111111 1111111111 111 1111111 1111111 111. lie 111111 1111111111
111 111111111111111111 6111111111 1111 11111111 1111111 1111111111, 11 11111111 111 11111311 Elisabeth
111111 111 1111111 11111111 haue. 111 mag ia aaaoaagang 111 1111111111 11111111 iaie· 1111 11111
1111111111111311111111111 1111111611 111 6111111111 aa 11111111 aeia, 11111 111 111 panaria
111111 lim: fii. 13111. 41. 1111 11111111 16611 1111111111 gelimam 1111. 11111111
1611 varianae 111 11111111 111111111 1111111111 1111 einen 1111111111 Zama 111 alim 2111111111
ansermi 111 1111111111, 1111111 111 1111111111 111111, 1111 11 ”u 111111 11111111 614. 61181
11111111. Es 111111 ihm 111111111111, 1111 1111 11111 Prinas 1111111111 111111 1111111. mese 111111
11111 11111111 11111111 1111 einiger 11111111 111 111 samiera-Roaiam 1111111111 1631, 111 jean
Postea 1111 1111111111 11111 111 Phiiip’s 11111, aisa 11111111 1111111111 111 6111111111, in Ali 111111
1111 ; 1111111 1111111111 1641 111, 11111111111111111111111 11111111 111 11111111 11111111 11111111
mit 1315 611. 61. 1111111111111, 11111111 1647 1111 111111111 1AE 11 1111111111 gebracht 111 Fi
111 61111 111 1111111 111 1669 111111111 “sain wagea” (englisciz 1111 611111) 1111611. 81; 1111Ι
111111111111111111 11111 1111 1111 11111637, 111111111111, 01111111111111111111111111111511
dem 6111111111111111111 1111 111111 6111111111 4115 1111111111 Unamredigar li 111. 1111
sehon 1641 sind 11111111 11111111 wieder 1111111111 111 111 1111111111 Stipendium 111 Kasia
611. 61. 111 mr die communicantea 6111 81.; zusammen mit 1311. 61. 11111111 summe 111

131111. 81. warde 1111 1111 dem 1111111 arania 1111111 einer aurianam-aeae 1111111ε
167111111111111 1111111111. 11111 1111111111111 - 1674 - 11111111111111111111111111111η
111111 11111 eine 1111111111-1111 regalia, 11111111 111 11111 11111111 1111111111 wi) ί 1111
1111Ι aufzubringen 111111. 11 Foige 111 vom Magistrate zu Londou 111 11111111 111111111111 Vis·
meilang 1111111 dem 6111111111, ausser 11111 1111111311 1111111, 111111 1111111 161] 111. 111·
111111. Der Hausmaisier 1111111111 machia 111 1111 ihm naehgelassenen 1111111 111 Widersprssebes
kainon 6111111111 111 11111111111111118111111111111111111111 11111111. 111 jodoci ‘³⁰³5‘

 

