111-1111. 111Ι

1111111 1111111 11111 1111111111 11111111 11 1111111 111 11111111, 111 wen 111111111111111111
1111, 11 111111 111 se bryngen 11 111 1111111111 111 11111111, 111 111. 111111 111 lesen we 11 1111111
’ 1111111 ben: 11 111111 111 1111111111 1111 11111111 11111 111111 brebe, 111 1111111 1111111111
111 11 111 stede 1111111111. ’

6. Dee 11111111 111 11111111.ι 111111 11111111111111111111 also gebennen ys, 11Ι 111111 111
1111111111 1111111 siben 111 11 anderen 11111111111111) 111111, 111 1111 111111 11111 11 111 anderen
11111111 11111 11111111, 111 11111 11111111 111, 11 111111 111 111 11111111 11111 twe 1111111111
111111111111111 11 1111111 1111111111. 1111 11 111 1111111111 11111111 1111 gebennen 1111111 111
11111 mannen vorsebrenen.

7. 1111 11111111111111 111 11 twe 11111111 1111111111 111, sn 11111111 1111 ⁹) 11111-
111 11 beten 11111 11111 11111113) 1111111111 en 111 11 1111 vorgesebnenen 11111 11 1111111111
eandem 1111111 1111111 111 wen se den ed geden hebben, 11111111 11 1111 11111111 111 nien
1111111114)1111111111111111111111 111 laten en gan 111111 111111 stede.

8. 1111 wnn 111 1111111111 11, 11 11111111 111111111111111111111111 1111111111 111 1111111
auden negen mannen 111111 111111 111 111111 111 1111111111111111111111 vnn 111111
gedanie, sn 111111 111 11 1111111111 gnn.

9. 1111 1111111111 11111 111111 1111) 111111 11111111111111111 11 1111 111 11111111 1111 11111111.

10. 1111 111 111111111111111 11111 1111111111, 11111111 111111 syenen 11111 11111 11111111,
111111 111 111111 1111111111 1111111 111111111111111) 1111111111, 1111111111111111111 gebennen 1111.

11. bem 11 sebe} 111 1111111 11111111111 danna 1111111111 konnen 1111111 11111) 111-
gabelenen, 111 lesen 111 11111111 boen, 11) 111 111111 11111 waben, 1111111111 11 1111111 1111
111 1111111 11 11 111111 fallen 11111.

11. 1111 111111111111111 1111111111111 111111111111 1111111111 1111111111 111111 in de
111111 111 1111111111 11111 11111 11111, ⁸] 111 11 1111111111 1111111111. 1711111 1111111 11111111
11 1111111111 111 1111 Vll. 1111 11111111 111 111 11111111 1111 11111, 111 111 1111111111111, 11
seba! geuen 1111. 11111111, 111 11 1111111 11111111 11111111 11 11111111.

13. 1111 111 11 11111111 bynnen 11111 iare 1111111111111, 11 111111 be 111 11111111
1111111, 1111111111111, 111 111 11111111 111 11 111111 enen 11111111 1111 stede, 111 1111 schal
be 111 11111111 11111 11111111 1111 1111111111 11 111 11, 111 111 geben 11111

11. bem obe 11 1111111111 11111111111111111 111 1111 1111111111 11111 11111111
111111 obe 11111111111111111 willon, 11 111111 111111 11111 1111111111 11111111 111 11111111 111111 111
11111111, 11111 1111111111, 1111 warenne, 1111 1111111111 111 1111 1111111111, 11111 1111111111
111 1111111 111 rade 11111111 111 1111111111 111 1111. 111111 11111 111111 111111 goden 11111111

11 11111111 11111)

¹) 1111111-111111111111111111. · ²) 01111111111111. ³) 111111111111111111111.
vor 1111111111. 111. 1) [11111111 111111111111111111. ³) 1111111111111111111111. tas.
1111111111. 11111. ⁶) 011111111111111. blare. ⁷) 1111. MS· υ) vnn 1111. HS.
’)811111111111111111111111. 118. , ¹⁰) 111111- 111 1111111111. κ

1111111111 11. 11

 

