1

2. 1111 Η111 111 1111111111 8111111111). ·- 3. 1111Η1111 111 8111111111 11111. 59

1 811111 11111, 81. 1111111111 1111111111, 1111 11111111111111111111111, 11111111, 1111111111 (11111111,
’ 11111111 1111111111 111111 1111111111, 1ο 11111111 11111 hage 11 111 111111 111 11111111 111
1 1111111111111111111111111111111111111111111111 1111111111. 1111111161111111111111111111,

grosse 1111111111 6111111111, 111 11111 11111111111111111111111111111111111 611111111111111, iu 11111
11111111111111111111 1111 1111 wohnuug 111 11111111 111 111111 1111111. 11111111111111111111111111 111
111 11111111 11111 1111 sich, 1111111 11 jener 111111111111111, 11111 wohl 1111111111 1111111111 ge·
1111111611111ϋ1 11111111111111111, 1111 111 1111111111111311111111111111111) 11111 11111 111
1111 111111 1111 31111111111 1111111111 mit 11111 81111111 1111111. 111111 11111 11111111 1111111 111
81111111 11111111 111111 111111 111111111111 1111111111 zu sein. ¹) 1111111111 11, wo die 1111111 11111
11111111 1111111111, 1111111 111111110111111111111,1) 1111111 dem 1111111 Thomas 111 8111111111 11111111,
1111111 1111111111111111 (1111111111 1111111111 1111, ³) 11111111 11111 111 dem 1111111111
1111111111 111 111 1111111361 11111380 1111111111 111111, sich 11111111Ιί11 111 11111111 ,1111 111111
tragon 1111111. 1111111111 1111111111111, dass dieser Ventag der 11111111 weit 1111111111 111111111111
1111 11111111 11111111111111111, 11 es uns 11 1111111 11111 1111111111 1111111111 111111111111111111
11111116111111111111111111. [11111111 11111111111111111111811111 111 8111111111) 111 111 1111111111
1111, so 11111111 man 11 dem 11111111 11111111 1111111111 11111111111111 1111111111 1311111
1111111113 1111111 1111111 1111111111 (1111111111 1111 111111111111111111111111111 1111111.

3. Das Haus des 8111111111 Lyons.

11 11111111 11111, 1111111 1111111111 1111111111 1111111111 1111 (1111111111 11111111 111111
11111111111111111111, was 1111 11111 11111111111111111. naohzuweisen 111. 1111111111 8111811111
1111111111111111,(1111 111111 11111 1381 111 111111 1111111111 3111111 1111 an 1111111111, 11111111
111 1111111111111111 11111111, 11111111 1111111111111,8111111111111111, gewis, 1111111111111]
1111111111 ’11 111111 111111 1111111 111111111, 1111 1111111111111 1111111111 1111111111 111, 1111111111
11111 1111 1111 Kay 1111111111111111 1111111 1111111111, 11111 11111 11111111 11111111, 1111111111 111-
11111, 11111111 111111 zu 1111111 111111131111111111, 111 1111 11111111, 111 (111111111111111111111
111111. 1111111111 1111111111 111 1111111111 1111111 111 1111111111 1111111111, 1181111111 1111
lange 11111111111111111 111111111111111111111111, 1111 11111 11111111 111 einer 11111 11 111 111111

Ι) 1111 1111111111 11111111111111 111111311111111111 11111111 11111111 11111111 1111111, 11111 11111
1111 111 1111111111 1111181111 11111111 111 1118111111111111 “suetae” 11111111, 11111111111111111111111111111111.
811 H. 11111111 1111111111 11111 11111 (3111111. Τ. V. p. 169.

²) 11.11111111111118111111111111111303.
⁸) 111 1111 1111 war 8111111 11 1111111389.

⁴.)1 81118111111111111 15118 11111611. 11511. J 1111111111 1111111111 1657 1118, 1111111111
1111111111 11111111111111. 11111111111111111111111111111111111111 111 111111111111111111111111111111111111
11111 1111,111 1111. 1111111111111 1313 1111111111111111111111111111111111 11111111111111111111111111111,

! 1111111 11111111 111111,1111 noch 1111111111 11111111 1111111, so 8111111111, 1111811111111 11111111, 111 1111111

118111111. 111 1111111111111) 11111111 111111111111 aarum, 11111 ’1111111 1111 8111111 1111111, Ι11111111 111
limburg 111 1111 111 111111 811111 1111 1111 11111 111 1111111 1111111

⁸⁸

 

