28 Ι 5 3. Die 1114144 81414144

8414144444114414114 zu Leudnu 1444441) Er 1441144114 1444441141, dass ein 114444 4114144144
islanden wedee eine 114444143441144141 zusammen, 4441 414 841111 3444144414111141 14144 4411. 1441
441114 414 114444 444 441441 81441 14 414 Frende aue Waaeeu 44 414 44441141 14144444 1144444 scudem,

ausser Weiu‚ Bier und 1144143141414 141113), 1111141, 44144 1441411 44144 iu ludheren 14444444 ¹

1434441131 1141441)

1111444141144441411 444 1414114 1437 44144444 441 1414414443 441 1434 1434444444
¹ 141144414434434344114111344 1444144144 1144444144 werden die 1114111344114414444344 141441144443
gebracht, 411 11414144 444414 4114 84441443 444 81414144 444 44111344 Cominius eedlluel 11114. 11441
14441 41411141 111114411414441411 1437 das 1411 1447, 4141411144, welches 4441 14 anderen 41-
44141144 4141 gerunden 141. ⁸) ⁴

114 werde 444414 1444114444, 4444 444 11414444, 41141 1141411441 und nenu 1144441444444
44411111141144 444 114444 4111114141 444 44111111 1444444 4411144, 44 gemeinschaftlich einen 11411 44
111444. 111444 114114114431411411114114 war 4141344 1444144144 44414144 4134411114141 4443143 41411
144 4144411411411443 444 114444411414 44141 sich 44144411444414344 444, 4444414 1411144114 4144
3141414144134114411411443 des Eiullusscs 444 444 444 1444411444444 1144444114144 4414444444 11441444
141 deuWahleu 444 1411411444 444 1141411441, wie bei anderen gemeiusehullliehcn dugelegeulneileu.
841114 14 selenen 1111144 144131141 414 41414414 8114444441114114444141444, se 11114414 1441443 444
143414344141144 4411 141411 14 414 114444 444 44111113 41114141 4414444444 1144114414 444 4141344
1444411411448114144 34441144 1114444. Die 1411141143 14 1111114114 4444 44414114 114414114344141-
1414 4141 1414444 Laude 4441 444 1411114444, 14 11414144 414 1144114414 441 einzelnen 114444414414
44444114 144441144 444 1144414 also 4444141 411 441 1114141411 4414114 344411411114141411111141444 444
414 1411441443 344414441411114144 privilegien zusammen 141144, 4144 44144 44411141141 4444434144
oder 44444 34144444 44 4414. ⁴) ln Wisby und iu 1141344 141144411411411443 41411 uueluzuweiseu.
1114 1411141443 441 1141841144441 zu 444 81141414411414 14 441 81. 114114411414 44 Wisby, 44144 414
11114414 4411344444 8144 3444411, lessi 441 1414411411411443 444 14414141 4411144444, 1111441444 44
41411141444444 144 eodilane, 11114414, 84441 444 14114444 vernuciis 1144444. 144441 1144441111
4144 441414 1141411443 au Bulggc 1414114 14 enuclees, we 11114414 411 den wendisenen 444 4141414414
81114144 4444141414111411111441; Wcsilalen, 441144441 Weise verbunden 411 11444444, werin wic
1141141411414 1141444443 444 deutschen Celunisieu iu deu 8114144 des 141414144 14444444 41144444
haben, 4144 11141141 41101114 an dcnSpilue, 444 4114114, 444 64111444 4111111444 444 8414114444 (11444

..n-...n—-n——t

¹) 144114444344, welche aui dns 844444114141 14414144, 1414141 444 11414414 4134114111 14 Perdam
collection de 1414 4444111444. Τ. 11. p.

²) So 1417,1418. 81414Ρ414444441.1. 41111111. .

⁸) 1144 4414441414444 4441111144’41434144 4414 14114 1447. umqum 44 1444 mercatorum. ll· 407. llic
1414411443, 4444 414441144 1144444144 ule 1437 1114444444 lm 14114 144714144444 genesen 4414 edentes, 1114441431
4141 4444141, dese 441 114344441414111414144 444 liene 1414114 dedissetdedisses

⁴) 1114441414 (1444114114 444 deutschen 114444 ’11. 1. 11111, 44, 81.

 

