der 1116666 66 166666. 29

661116. ¹) 11666666 661· 6116 666 66616166 von Brugge 6666 16166666 6661661 war, 16666 wir 6166
6166 Quonim 16 666 81616166 vom Jahre 1671, 6161166 1166616 mit den wendischen, pommersehen
666 66161616166666, 6616 mit 666116666616166666666666111166666, 1166666666613611 666 61666166666
66616666616166666 8116166, 6661166 1166613 mit 6661 66666616666 6616666666 6611111666 66661
666 6666 86666366 1166666116166. 6166616611616611663 66666 wir 66666 16 666 6668666666 8166
vom 16666 1614, 666 66616666 1663 6661166166 666666616666.1) Doch 6666161 mir aus 616666
866661666 666 611616 666 116166666 666 666616616666616111616 66 616 1166161116 66 Nowgorod vom
,16666 1366 66 161366, 6666 6666 6661 16 11166666 1611 61611616611666 666 6666166666 1661661616 666
16616666, 3616116616666 666 616 6611166 6666666666, 6666161166 666111166666116111611) hergebmcht
war, wenn 616 616166 16 666 1116666 81666 61661 6661661666. 1666 6666161 616· 66666 666 666616666
1166666 16616666 1666, 166114, von 6616666663 6616616616 von Riga zu 616616 1161166116 16 666
nowgoroder 11616 66 66666666 666 616116 666 66616666 66111616611666 ganz ausser 1661161 661666. ⁴)

16 166666 66666 wir 616 1161661663 16 [1611166116 im 16666 1467 666 1616666616 16 666
81616166 666 66616166 1616166661664. 816 waren aber hier verschieden von denen zu Brngge
und 6166 66 661661 6616661166. 1467 6116616 61116 6111666 6616666666 81161166 666 1))6661 666 66616
1161116611 611616, 66616 6166661 66166666 1116666, 6666616 1161116616 dieser 811616, 6666 316166 6116
66166 6116666 6611661663 durch die Versandung des 1166166 11636116616666 66116, 666 dritten 16611 666
6666166666 1166661616 16616616 1116666 661166. Das 6661161161116611 66166616 6116 61666166666, 1666-
666666, 666111166666, 61611666-6666166666 666 66661616666116 666 1166166 gelegene 811616. 16666666
6666 war 611 1161666 666 66161666 66 dem 1616166 6611166116 66616151. 61611616611663166661166116
1166166666 1664 66616 6661166661, 6666 11666161166611666166666, pommerschen, sachsischen und
6661111166666 6116166 das 66616 6116616. 16 6616, welches scine 611611666616666661661666665166666,
166116 616866166166116, waren ausser 666 116666616166666 8116166 6666 616 666 111661, von Berg, die
6166166666 666 61616666666166666 3611161. 16 1616166 6611166116, 66666616666661661166616, wird
66161666 61661 mehr genennt. Es 61661 zur Restatigung 661· 11666 616 1661666666,Ι der 116666611616 661
666 1661161666 hier ausgoetellten 1661661, 666616 666 16161666666166 61616166 616 1616161666 666 11611-
1661161611 661166661663 61636161161666, (lass 16 61166 116666666 666 666 666166-0166663 6166 ge-
61666 1661661666 der 116666611616 66 6666661666 1166161663 66611166666666 666 116611666666-1161666
661616 66166666 661.

¹) [6166611666 6666616616 666 666166666 116666. Th. 11. S. 395. 1116 86666166 666 66161166166666 66111616,
6616666 6166 6666 666 11616666 666 666 6661611666611611161 66666661, 66661666 1351, 61666 66661661 s. 418.

²) 81666 116 6666666666 1166, 66166617616166661 Anhang S. 161 mn 1514661161, 6666 1616661166 zum
166661564 6666666611661. Sarranus (1666616616. 16. 111. S· 134 6611511 16 1501 1661166666 666 6661166 616666

· Datum geben 661166. 11666 6661661 6166 16616661611666166666 6666616616 1611. 6169, 16. 111. S. 46, 6666

1

1

1514 6166116161. 16666666 1616161666666661 1464 im 16616, durch welche 16166166 6611166661 161, 16 1464 66 666166-

11666,ᾐ616 winemunt 666 6616666 6166666 werke 6111, wo von 666 1666666661166 616666 166666 616 11666 161, 61116
66166 men 166666.

³) 1616666666 6666616616 666 deutschen 116666. 1611. 6681161.
⁴) 66661661 S. 514.

 

