98 5 0. Die bnns'nehe Fec'lnrei 1111 00111101 00111130

0100 010 nus den snhlhob-Urluuden 0100101 11111011 1) dees 010 1100001 110100 3011111130 Corporalium

‚seien; 0) 0100 1110 Ζ111, denen 010 lenden unbekannt 00101 3 0110130101111. bebe 111οω
010 1010111101 0101103101 01101 0011110103013 1110001 01110111, 0011 010 10110 1100100 Waaren
verlnlsehlen oder elnlllhrlen‚ wes 010 0001001 301101 111101. Iler 110013 mese diesen Grnnd

· missverslenden haben, 00 00101100110111011113 01010011130101010001011110100 00111111. 1111011111
101011110011001010111110031101001 wahren Grnnd der 1011013013 001 1110000. 8101111101 11111101,
0031001, 001000130111010110030101111, 1011131101 jdbrlleb 001 8, 0010100, 00100110110, 0001
6000810011, 10 101111111110 0101111000, 0111010 11Ιο 0111310 1100000 (000 1113111001) nnn
1100 811011 1010011111 hellen.

erd es 0110001001 0010, 110110101011011111111011 01101 jener 113000110 0010011000 11
0101001 1111001, dass 010 00010010 111000 0101011 1101 00310010 0011101111οο 11011 wer 010 sein 1100111,
0100 010 111000 001111000011010 001 0031100100 1103101003 wnhl 10110111 000 10 001101110011101113
111100 01111001 01111 101110111011, 1000010 vettingen 1111001 110101011011011101000, welche
0011 000 Wldersprueh 01300000130111010010 010 011 Α311001101·1011100001 0110310, 1101 bleba
00311 11 000 0100011011 1001103100 10111130 011 001 01001 101010 snm 11110 lese dnreb
1010011000υο 1011301300 1031100031. 0101001011 0011110101 1101 000 0001101101 10 110013 00100031,
0100 001 0111011011101113 01000110 1100000111 000 00101 1110003010 30300 010 1001001113 001

,0131100110 11100101011011030101131, 10 000 01011310 111111οΙ, 00101010101011010011101111100003 101
Wanren 3000011.

Vom folgenden 1130, 001 nl. 1011011, 101010 0001111000 1101110ου0000 001111, 11010110
0101100000 1110101011οη 1111003101 11111110 000 allen 1111301 1100110111, 0010111110 0011103101
sebon 110101 10111100 101100, 310101010110. 11001 10001101 wir 01011 1101, 0110 1110 1101110 01 011
00110000 10 100001 000 10 den anderen 0031100100 01110100 01011 10 21101101 3010300 1101001. 110 111
011001 1111100003 010 00010100 10101111101 10 0010110101111101 310111, well 00101010 000 1101111013
000 1111001 01011101 1101000, 00 110300 001 8111111010-81010 10 1011100011. 101 0010111101 01-
00110001 01000, 010 8300101011οο 10001101 100 10110011 000 01. Franz 11011100 11001013, 101 den
1100130. Senon 10 0. 11111 1101000 001 1010 11001101, 11101 8001001100, Dr. [1 anes 000 sn
1111101, 00, 001 111011011100110300 01011010000101011310000000010100011011001 Grildm, 0000010,
00001101 000 1110010, 00001111, nm 0000100001ου 0100 11111011 10 011101100, welche den ldeeblspmdl
011 000 dnslriehe von 0010101110111001103100000 1001110110. Es muse den Gesandlen 101011 ge·
wesen sein, 010 000000101011000001013001 10 0100110300, 0000001 01101310 em 11111 desselben
101100 0100 0000113003 000 00010100. boch 101 es den 10100100 1000110300 001 0011001011 000111
101001100,01001011.11110000000010001100,001101011101101,0018001011118111111111000010Βο11031),
1111101100 000 00011 endere 001 111101001οο 3001011001111110 0110001 werden, 001001 010011011
lhnen sleh 10 1000110100 010 111000 00101100 00001010 10 0111101100, 110 0011010001ῃο1, 0111131011
000 000 11001300 11110 10010101 110000. 010001 001110 11011101 001 101001003εο 001 0031100100
1100110010 0101110 003000113 0010. 010110100010031101 0001001 110100 0000110000ηο 000011
1011310101 Belehl 100 111011 desselben 101100 3101111010 0001110000, 0010100011101101 10011

 

 

.
-e‘ ········“··‘⁷···‘···‘···‘····‘····‘···‘····‘* *j

 

*⁶⁸⁸⁸*”-..-----·······- ..

