120 lehn-lene

113 Ι31133 3311313133 331 13131 131 Hense 3331131 311 13113131113 dem 1333 were, de 31313311-
33133 133 welde, demach 33 1333313 13131 313, 1333, 1333 31133 13 31 33131 33 11311 husen, 1331
11 133 133133 131 33131331 13131. Vnde we 113 331133311331, 13 33131 33333 11 13 hussen Cseh. 31331.
11. Van der penten 13 3131133113.)
1131111113333333133111111101111111 33 13111111 1331 11 dunin 33311 33111333331 13 133
311333131 311 33113131 13331133, 1311331 13313133131 1131133 3331133 313131 33131 des wintere 13
11113331311133331311333 1313331, 331 3113111133131131133 331 311 11311 13131 3111 333 133
1313. 111333331131131133113131133313131131311311131 111313333333133333,13 33131 333131 ¹
he ene 313131 hedde 331331313113, 33 331 33311133 13. 131 333331 sake, 1313131133131 11133 113113
311311 1333 31333 311 13133 3131113 3131 13 33 dede, de 33131 33331 11 13 hussen 1331111131
3133111333, 33 331131 1313131313 13131131 33331. 111 13 melden 33131 133331 131131 133 dnn-dende!
333 131 1331111331 3333333133331. ’
111. De 13133 13313133, werden nieht 13 1313333313. ⁸
11311 111 113 11111011 33 131 111 1331 33113113 3313133313 (de) knepman, 131133 3333133
Ι 313 131113, 1311 3113 13133 dene 3131131 3311, 13111313 13331133 (133) 1131111113 31311 1313133131,
33 131313331 111331. 313311) 131 313 1311133131 113131 dem stenhore syn 1ο 33333 3331. hen
33131 men den 33311311) 333 1311313333 penten 313133. 111333 13311131 13 13313131, 33 3313111311
hioppen 3331331 geraehte 3131333, 33 13 1313 333 111. 3311111111 3133111333.
1111. 113113331313133131. ,
1131113113311111111133 131 111. 1331 13 0313133 33331 33331313331, 131 eyn 13111 konnen ¹
r 333 133 Hense, de eyne 133131 indens 31311313 13 13333331 (hest), 3333 333133 1311 313 ende ¹
313131 131 dem 1333 genesen 13 331333331, 13 313133 33131 31331313 333 313 133333333131333113.
131 333 3131 133 3333311 13 13313 ohe sine 11331331 1311311131 3133, 311 33131313113113113 13313131
13 3113333113, 3331133131311 111 1131131 13 31313313, 33 33131 13 33333131313313 313131131
311133333 331 313131 13 3331131 333 eme, 331 1333131 133 1333113333 11331133133331113131133,
13113 131 331 131331131 kenesen innorderde 1111133. 1133333 33131 13 3333 333133331333 33333131
131133, 13 3133 33331313 333131333131311311, hehhen 1111 den. 311 133 13311333 113313 13
1111 3113331 133.

111. 1311331333 13331333 13133 113333.
leem 11113311111011111 33 131111111131111 11333 33331 33331333331 13 1313 alderman 331 ’
f 33113331 13331131, 13113131133131331133 33133 331333 3113 1333133133 33 131 3131131113131 131131 ,
3311313)13313 131 13 33131 3333113331 synt, 33 131313 331 331311 3331333331, 3113 1331113
3331333313 so 13133 3133 13 131 133 3131 131. hyn 3331133331313331311313133 3311131, 13113131
1311131133 mach 111 131 1311331 133 11133331333113131133 33 111331133 ⁴) 13 13313 331 siner
hepensehnp.

¹) 1111111111. MS· ²) Gryndel, 1113331, 8311331111. ³) neree, 3113153111·
⁴) 1113313133, 11131311, 1133131133. 0133 hee: 1113311133, 1133133.

 

