’161 11616 1666. , '15

11166 1611111666 1166616111 61611 dem 61616111 1616111166 11111616 Germ 1111 166666 11666 6111111
zu Paukhmsern 66611111. 1

611116166616161 6611611611666 1111661166 finden wir 6611111111, 1161161116 mg, 111
Μωμςαω 6616116166 11661 seiae 6666161163 111 mir 1111611 11166161 1616166666. 11111 1166616
661 6661161666 81161661 11116166 sein, und 116111 61 1166 6611161116, 11666 661 11611661 vom
16616 11111 61661111, 6111 6616661661 661Ε11111166161611116161116116116161. 116611 166 661166
661 6111161116 666 dem 1611666611 1161661666 werden die bessem Ζ161661ς61161616111,16 11611666
61616661 (16116616 661 116161 6116666666 666 6166166111 1161666.

16 661Τ661116 lag 6168611661-Ηαί11, “ein 116661 (Reum) fflr 61161661 66116616 66161661*
wie 1611616 16111 goeagt 11116, 611 661 6616611661, 6111 11616 1166666666 1161111 sich selber 11161666.
15691116. finden 1116 1616616661111-111116 16661166 (coenaculum 116111) 6611 auch 1611166 111
1116161616 11611166666566 661 1161611661 1111 des 6661611166 gabauan. 16111 61116 661 1116166661
111166116166111661666 zur 111166 1161 1616111666611 666 so 1111 111 ὅ1 11111166 6166161651661
von 1116 6611116166 66616116 (11611161 116. 2) 11616 1161111 1611161611,

Die ubrigen 6661666 6611161111 166111 1611116666, 86666616 166 111616161611616611161161
166 1111166, 616111 16 11166616, 1661 wie die 1116616 61116166 1111161111616 66611 166666, 11 161166.
16 diesen 66111166 66 1116111111, 6166611166 die 66111116, ihre 1116666111, iu 11616166 sie sich 166661 16
1666161 Zeu 6166166666 611161.

111661161116111611611661166666 1611161661 sich 616 1161161 1116161, 11616661 1116
sehon 161666 1116111 1661616116 dieser Themsegegend 61111 zu 166166 66611 Er 1161116 1161661611
16666 111116 11661111 6661111, 11 66166111 11661116 6111666 16661611 1111116 das 1161161 gaug
11616 61111, 61611 1111111666 666161 61161 Geram passima. Das 1611116661 zog 1116 vor, jenseits 661
11116116 16 116661 666 6161111111166 6611 zu 11666 1661666661 16 111116, 66316116 611111663616
1661 1116111 gestem 116611. 11191166161616 1116611661 661 11116661 1161161 ausgehurt zu 61666,
11616 die von 666 866166116611111 11616166 1661116111 1166666316 166] 1616611116 16 6611116 11161661 ’
666 die 1116 16316166116166611866161111111666666161161616611111611 beigetragen 61116. .

11116 11111161 ward 1111166 6111161 1111116111 111 1111 Risu, 11616611 6111161166 des 111611161-
portes 61661 1111161161616. 1111 81161 1661161611 61161 16 1166 161116 661 1611111361 1616611 81161-
6616 1161111116 1119, 666 616116 11166611 6111111666 16161 666 dorthin 3661166166 1161166. 616 Lage-
1619 61111 1161111 6111166 166 [1616161666 16161166116111616 1111166611 emt ’161 166166111166161116
6116166666, 116 16116116 11611 111θί, 6616666611111111 moi, 611111 6616666666 1161661, 6161161-
6166, 1161666111666611166 genug 616 1611661616 ursprungliche Bestimmung 661 8116166111 16 1661111666
166166. 811166 Minscheus, ¹] 666 H. 1116661 im 1111 6161166111 66616 661 6161616661 sagon.- “lt
is called Stilliard 611 broad place 61 court, where'm 116616 was 1616111616.” Die 111116 des gela-
1111661111161 111161 so sehr 16, dass 1666161 16 1616616 1161116 1661166666 im 1111161790 vom
8111116616 sagi: “at 11111 116161111166316111666611611 61 166 16661166 1166, 11616616166661661

¹) 1. 11166661661161161161611111. 1616111, 1617. 111.
111ι

 

