, s 11 von 61111 16166111166611166116 ’ 141

111111 8616611 11116 111 16166111611366663 6611161111 666 kann, 61616616 die 6111616

11611 16 66136 61111116 61116116 61611116616 6111111113166111166611-1616 1661 111111 1766166611 ’

11661616 1613611611 1111166, nicini wieder 1111111111 werden. · 111116 111611 heder 16 6616 diuidendo und
16611 116 6111161311 1116111311 6111611111 116 6111661616, 1661161161616161 61116116 166 611· 81161
16666666661116166161161166666161166161611176116166611111111316111. 611616111611116161116116611
11116661166161 616611361111116111661111611661166316, 6661111166 111 1166 661111113663 nieht hindern.

Die 116611 166 4111. 66. 1166661κή61 nnn Wineireeter 111 6636661111 ihrer 666631131311111,

welche 11116 6611161663 161611111711166 1116611161 666 dener 161 didere 111 611 6116116161111161611611
61161611 (1. eben S. 64), 61611161113111161111131111616. 1661 werd 116 66611 6116111111166616611
1161111111) 16 616 66116111631661611161166631116611111111631-1666 wird 1111166611 6161116111
1613161111 nnd 111 116 1116 1116616111 1131111611. 116611 kenne sie 16611 1611 61611 anderen, 66116 611161·
16 6111111161ηά16 1161116166 1111166316161661663611366 6611 311 1616111611 1116. 1166611111 66666 1111
1661 6166 endere 116611 16 616 61661161, 166 venerarer, 11161 16 11611 611611161111663166 1161· 61111316
Wein, 6116111661 1111 16 111111. 46. 111616111611, 161116111611111161116, aldione, 1116111666 neruine
161 611 6161666611 11111111, 1611 6616 111116 1747 16361 161Ιί 16 sin, 61616611 11611 661 116161-
11116636111111111 111116 16111616 66111166 11166611 bis wenigntene 1616 denne 1766 66111111 111661111611
6116161111166 111616631111131166661, de 11116 611 6611116 6661666316 61611616116111611611.
1111 111116 6111116166, 1111611116 66131 ,661 6116611111 16161361 666 1116116 anien-regn 66166,

311111111116111 6611116111,6611611111111631661116116161116116111316111- ·

1161166 7611111136 1111 616 0611663 6111 11· 16111. 46. 1613611611. 16 666 6661666366 1111 denr 3161166
1111666 111 jedeon weder 66161611611 16111 611161 61611 31616111, wohl 11161 11611 6666611 3161166 mit
w3AE 16111. 46., 66161 6116111616 61611 716361 (deii 11111. 61 1111111 1116, 6111 61111611166611663
661 Prinry 16 6111166661 durch 111613 116611 vm. 666 66166 611111113663 16 1611 1166111, 6161
111311116111111111 66611666111163111663611111166161. 1116161 1111166611 616116116111. 1111166111
11661166 611 616 16161661616, 16616116 Foihergyli 1613611611166 06116631616611111161676-1669,
6111616 8111116111-616611161611111 161 31111111, 61661111 dem 111661116161111611611 3111111136 1166111116
161111166111366111161111111 111 11661316 1111111611 611 111611 16666111. 1111116. Ueben 611 1616111616
1111111663 eber 3111111166 661 616 8111116611-111611666366 1616 111116 1646 666 1647 bis 1666
616 1616111166 1611611611. 111 66616 11111 61161161 661616161613611161661111111 1643 nnd 1647
verzeiehnei:

“An Laurens Binmely 66166161061116616 1111 ihre Meyi. 161 616 3116111111 diesen Michaely
11111666, 1111141. 1111 616 0611161161 li 16111. 46. dn 16116 11161611, 11111663311111111 611 116
31611161061111611 1111 1111111111. diesen Miehneiy 1611111166, init 86. fur zweiQnilnngent 1614111866

Es wind wohl· 61161166 1116111116, 6111111116 611 611116 dieser beiden Qniirenlen die 111616
en 611 11161111611111166111 166 65111. wieder finden. Zn 611616 6111166111 1166 666 6661116 666
1111116 1666-1661161116 6116161116116 16 616 1166116663 1116 116311113161

²) 6166111111 ι. 1. 0. 6. 86.
1111611663 1.

N
κ

 

