,94 59. 5155151555511515151155 55515151 11111135

15511155 115 111115151111111, 5515151115 151 51551 5511111155 151 11515515 115 1111515151511511
151 11115511 5155511155 151 1555 15111 115 5155155555531115351.

1111515151511511513 15135155 ordnung, 11551· deren 1511555315 indm 115115
11113551151151111155551, 1151155155 11115515 1115151 511 151 5151115551 1151151151, 151 1115
1155155151 Commius und 5155155515113551515151151355, 115155 1511515 1551 51111155 15 secus
151551155355 gegeben. ¹) 115 315115115511151151551 551551151 1551115155, 5551 5111115555 1111115115 ¹
die 11511355 waren 155 1511515555 1515555155 1135551115. 11 15135 151 5151111555 5515515115
155155151518, 1151555Ι 11511555 5115155551311555, 1155111155 511 111515 sudu 151 151 nense
55135155151155 511155, 551 vendeure 1555 11111 1511511151551151 151υ551551 55 5515351515,
1553155115153.

[1511111513 551 11111115555155111113155 15155 511 netes suut 155 diue 1555 die 11151
1155515151 1115115515 155 5155555155, welche die 1111151115 55155151, jedeon 511 1515551111 1511155515
151 51111 555155. 1115 51155553 151 1531555551 11511151 51155 11551155 5115 151111115111555 3535
1151155155 1111115515, 1115115 11551151. 55555155 5111351115155 1151151 wudetun, 15115111-
111115315115115115153151155515511111151511, 1115555155, 551155 551515151 111515 151 Bardi, 1111
51555 5111115155 1155555511, 1111355 151 5511151155 15115551 11551151 1111, 551555 115 11111555 11111
11155111 15115 155 11155155 1155155. 11511113115111111155 15151 11155-111531135315355ς511
5511155551, 111. 11115, 51511315 35355 115151555. 15 1. 1111 1511 511511 511 55111151 151 151551
35355 jene 151, 11511551 1155 weit 1155115155 5551113555511511551 11 5111155155 115515 und 551
15155115 155 11115135 351151155 Truppen 511 115 151155 151151 3515115511115555 5115555553
1151151) Es 1555151 51551, dass die deutschen 5151 151 81151551 511· 115155 1111115 so 1551 35115111
115155, 1115 115 115115551551 1115151115, 1115 51115551 515 51515155 155115155115111115, 511515111Ιί55
115 1135 1511155155 wan, wenu sie 51551 51115311115551 venien« 111155155 551 115 1153151153 sn
1551, wie 115511 151· 1111513 fleury 11111. 511 151 cardinal wusey, 11515 5531511355 355513151151.
Beide 1551111155 155 5531115555 1115151 551 551551511 115 11155 1511 1555 111 5515511555 1151515515
1151151151 adventurus, jedueh 1511131155 11155 1151111151553 151 11151511151511115355 15551551 15 151
lende. Zu 1515555 1515151155315 ward 15 5555511511 Tuumne 11515, 1151111555 duur-suun 11
houden, 511 155 11551111 (nesteronem 115111) 51155511 15511111, 1555515355 51155515 155 1111515,
5155 11111335 3511511, 551 51515155 15 15135515511515, 55 155 15 1551515511 511 1515 1151151 1535
11515115155 1151115511-1511113 (1155111 5115151555115) 151 1551515153 15 5115351. uun 51551151
115151, 1555, April, 111115151815111111515115111551151355 51151551. 1115115 1515515 1155 1151115311
1515151511 155 1115155 15 11111335, 11 11515551 1115151115 151 1511155 35115115 511 1551111 11515111
151 551515511511515555151155151511, 55511155 111. W. 1151351 511 155 11111511. 115155, 51115-
151155 1511115155 1111111Μ113115151151555115155 11155111, 51111551 515511315551111 waren. Die·
1151511515 115151 55515155155 15 155 11555115 155 12. August desselben 155151 waren 1515151515

¹) 55115511 11 1151155111 115 15111515115155. 1151555511. 5. dds-242.
²) 1115115115 1151551515. Τ. 11 p· unu-294.

 

