24. 8 3. Die 1114444 senten

sehrilt. sehon 1441414, welches 44 44 144 841144 14141, 1446, 141 4414414141 14414, 4441411 1431, in
welchem 114 1441 4441111414 144414414 11444411441411 4441 144144 4141111441. 114 einzelnen snm,
44 weit 414 mit lehresznhlen 44444144 4141, 14414444 4111441414413111441111444 1411 1410 441,
4144 44414414441144444144 1111114114 dnreh 144 444 144144144444 44441444141144411414, wenn
414141 rermnthlieh 41411 444 dem 1441144 144 8141114144. -

Die 81414144 4141 41411 4441441441 44441441, 441 enthelten 144441444 1141114444 1444411144

4441444441144111414 144114444444. noch lllhren 414 444 eben 1414441414 4444144114144 1111144
. Gildhelle 144144144144 rer 114 Augen 441 1141444 444 44144 144444444414 1414441414114414141144.
141144 44141 ’4141 sehon 44 1414 electen 8141414, 1444 444141441111. 114444 44111111 141141141114
1144414444 41444 814414 1141141441444, welche 81441 441 4414444 1144411 4411441414144444114444
144444. Aher 44 werden hier 4444411414441144441441144444, ausser den 14144 441 hannem, 14-
44141441, jener 11414141 444141411141 144 81411141 4444441, weleher 4144 1444414 sehon ron 41144
1144144144 hewohnt wer. 144 Alter dieses 14441144444 4441411 4141 144441444 444 144 14 1444441144
444444144144 8144144, welehe 41411 441 11411, 4441444 441 114414 144144. 14411141 werd 14444114
wohl selten 441444 414 14 144444 Geldeswerthe entrlehtet. 144 141444 werd 44 144 Weehnkernen 444-
wnndt, welche 1141144444 14 144 1114414 llll llallews the 11444 441441141144. 14 1440414444 144
114114 rem lehre 1114 141114 41414414 814414 4414411 1114441444 44441411)

1348, September 1, 441414144444441441144141444, 444 41144 111144 14414414 444444444411, 1441,
1444144144144, weleher 44444 144 4414444 Schmthwnrte 1444414, 114 4411144 4144 1441144444 4144,
14 114 4114444144 1114144 414 1441441841111144 sterling znhlen selle. 1114 Genese der 14444 - 11141
11441 sterling - 4444 1141444141 4411411441 4444141444; 1441114141 4144141 4144 44 14 dem 8141414
rnnr lehre 11414) 1441 141 444 114 814414 1114 114 Wnrle 44444 44 nennen; lllr 1111111414 14444144444
141 41414 4114444 14444144811114441444444, wie 4441 14 144 1444444144 8144 4414, 11441 811144.
144 144 1444114444 14441144441444114144 1114414141 4414144 1441414444144144144144 14144414-
4414444 Helen 14414414 4411144444, deren hlterrnnnnen 44 144144, 14444411 441 11411 wlr 4441 144
14144 1383, 14 Lynn sehon 141144144444.

1114 814141 vom 14144 1375 44444 441414, welche Gnt 144144 441, 4144 zu heenhlen, 4411 den·
441144 4414414144, 141 14441 114 Nemee 41444 11144144 441414444111444411444444414144, Simon
Swerting und Hertwig Berothe, welehe ron der 44 111441 rersnrnmelten 14444 en 1114141144441111.
4441 144144 4444411 werden, 1441441141. [these 8441444 wlrd 14441 144444 dem 1144144 144 141144
14141 144444144114444444141444 erthellten 641414141411441111413)

1391 werd 4144144414444441441144, 1444114414411441 4144144441411 114 1114114144
1114444, 14144, 1144444444 41411 44 4414 14 11411114 144114. Men erkennt 444144441144, 4414114
1144444 4141114 ihren 1144411444 wehnten 441 11481411141411411414 anderen 144444 44114144, 114

¹) 1144444114 1444 114444144444. henderent. 4. 115.
qaedam.
³) 1144444 1441444. 1111. n· 111411.

 

