in London zu 111 'dortigen 1111111111. 23

1111111111 11311111, 111111111111111111 11111111 3111111111111111 111 111 11111 1111111111 1111
1111111111ῑί11 111 deutschen 1111111111 11111.

So 1111111111 sich 11111111 111 11111 111111111111111 111 1111111113 1111111111111 111
11111111 1111111111, 11 1111111 1111111111 1111111111 111 1111111111 1111111111 und 1111811111 1111111-
1111111, 1111111111111111111 111 11111 1111111, 1111111 Interesse geliend gemacht. 111111111111111

11111111 1111111111113111111111 11 111111111 111111, 11111 1111111 11111111111111111111111111, und ·

11111111 sich 1111111111 1111111111. 1111111111113 1111111111 1111111111 1190 111111 111111 111 111

, 1111111111 1111111111 113 81111. 11111181111111 11111111 111 Bezeichnung: vicecomitibus 11181111

111111, vigore Δ1111111111111111, 1111111111 Neujahrsgeschenke 1111131111. 21111111 Μ1Ϊ 1111111111,
11101111111111111111111, if 81111. 1111111111118111111111111 1311. iden„ wobei also die oben
1111311111111111 Nobeln zu 6111. 8111. 1111111111 1111. Eheu so 1111 die Geschenke 11 111 Saganis,
Yeomen 1111111111111111111111 111811111111 1111111111. Danu iolgen 1111 1111 1111111-
111111111111 li 81111. ; 111111 11111116118111, 1111111111111111 1111 11 1111. 1111 8111111111 11
11111111111111 1111, 111 1111111 111110111111 411 81111, dem 1111111 11 111111111111111111110111.;
11111111111111111111. 111111111 1111111111111 111 1111111111111 111811111111 11111, 111 111111-
1111111111 11111, 11111 Ρ1111111111011117111., dem 1111111 111.; 111 111111 11111111 1111111111.
11111111 111 111111111111111 1111 81111111111111 111 81111111111 1181111, 111 1111111111111111 111 111.Ι
111 1111111111 11161111, Zuietzt 11111 111 1111111 111 8111111111 1111111 auswirtigen' 113111111-
111111 111. Waisingham: 1111111 Cierio lieston„ 111111 1111111111111111 11111, 11111111 11111111 11111.
noch 11111111 11111 1111111111111111, 1111 1111111 11111111111113111111, “welches 1111 6111111111
811111111 11. 111111. 11111111 111 andern ihrer 111111. 111 11181111111111 111 0111111111 1111111-
jarsgiiien 111111 1111111 nach 11111111,” 111113 2113 81111. 1111. 6111. Des Mayor's 1111111111 wir
1111111111111111111 wie 11111111111111, doch mag 11 11111 6111 1111111111, 1111111 11111111 1111
11111 1111111161111 1111 11111111111 1111111111 11111. 11111 11 111111 1111 1111 11111 1111111
“Wegen 11111 1111111111 1111111111111 11 Wein 111 81111 1111111111 worden, 1111 111 1111111
ἰ11.111.-8111.” 111 11 111111111111 811111, 111111 1111131111111111Ζ111111 “item 1111111111111
zu den 11111111111111111 1011.” ’

1111 1111111111111111111111111111111111111 111111 111111111111111111 111111111 8111111111.

11.

111111111111 81111111 1111111111 zu 11111111.

Wenn 111 1111111 1111111111111111111111111 111 111 111111111 1111111111, 11111111111111
(111111111111111 1111131111 vereinigung 111 1111111111 11 111111 lag, 111111111111111111111111111111
111111111111111111111 durch 1111111111 81111111 111 11111111. 111111 1111 11111111 1111111111111
111111 11111111111111, 3111111 wie die Nowgoroder Siras 111 111111111111 211111 111 111 1111111111
1111, 11111111 einer von einem, 111 deutschen 81111111 imum 111113118111111111 311111111111111-

 

